.....................................................
SCMA_ST_AWGN
ML
ZF
PhaseRotation-pi/5
Latin
Number of sources: 4             NLoop: 100000
EbN0dB            BER
0            0.177176
2            0.135189
4           0.0985999
6           0.0684831
8           0.0463039
10           0.0304294
12            0.019851
14           0.0127754
16          0.00807722
18          0.00519667
20          0.00327481
22          0.00202611
24          0.00131907
26             0.00082
28         0.000531389
30         0.000340278
time(s): 160
.....................................................
SCMA_ST_AWGN
ML
ZF
PhaseRotation-pi/5
Latin
Nt: 2                Nr: 2                 M: 2             NLoop: 100000
EbN0dB            BER
0               0.116
2           0.0823928
4           0.0563996
6           0.0375539
8           0.0245382
10            0.015822
12           0.0101315
14          0.00644722
16          0.00401407
18          0.00261037
20           0.0016788
22          0.00101537
24         0.000617407
26         0.000419537
28         0.000256389
30         0.000165926
time(s): 165
.....................................................
SCMA_ST_AWGN
ML
MMSE
PhaseRotation-pi/5
Latin
Nt: 2                Nr: 2                 M: 2             NLoop: 100000
EbN0dB            BER
0             0.11579
2           0.0825793
4           0.0560971
6            0.037417
8           0.0246126
10           0.0158971
12           0.0101845
14          0.00646287
16          0.00407704
18           0.0025387
20           0.0015963
22          0.00103472
24         0.000641389
26          0.00040787
28         0.000271667
30         0.000171019
time(s): 165
