.....................................................
Non-overlapping section(NOS)
subConstell
-1 -1
-1 1
1 -1
1 1
subconstell weight: 2
The minimum distance is 2 between (-1,-1) and (-1,1).
.....................................................
Non-overlapping section(NOS)
subConstell
-0.707107 -0.707107
-0.707107 0.707107
0.707107 -0.707107
0.707107 0.707107
subconstell weight: 1
The minimum distance is 1.41421 between (-0.707107,-0.707107) and (-0.707107,0.707107).
.....................................................
Overlapping section(OS)
subConstell
-6 -4
-2 -2
-2 -4
2 -2
-6 0
-2 2
-2 0
2 2
-4 -2
0 0
0 -2
4 0
-4 2
0 4
0 2
4 4
-4 -4
0 -2
0 -4
4 -2
-4 0
0 2
0 0
4 2
-2 -2
2 0
2 -2
6 0
-2 2
2 4
2 2
6 4
subconstell weight: 16
The minimum distance is 0 between (-2,-2) and (-2,-2).
.....................................................
Overlapping section(OS)
subConstell
-1.5 -1
-0.5 -0.5
-0.5 -1
0.5 -0.5
-1.5 0
-0.5 0.5
-0.5 0
0.5 0.5
-1 -0.5
0 0
0 -0.5
1 0
-1 0.5
0 1
0 0.5
1 1
-1 -1
0 -0.5
0 -1
1 -0.5
-1 0
0 0.5
0 0
1 0.5
-0.5 -0.5
0.5 0
0.5 -0.5
1.5 0
-0.5 0.5
0.5 1
0.5 0.5
1.5 1
subconstell weight: 1
The minimum distance is 0 between (-0.5,-0.5) and (-0.5,-0.5).
.....................................................
Tailbiting section(TS)
subConstell
-4 -3
0 -3
-4 1
0 1
-2 -1
2 -1
-2 3
2 3
-2 -3
2 -3
-2 1
2 1
0 -1
4 -1
0 3
4 3
subconstell weight: 11
The minimum distance is 2 between (-4,-3) and (-2,-3).
.....................................................
Tailbiting section(TS)
subConstell
-1.20605 -0.904534
0 -0.904534
-1.20605 0.301511
0 0.301511
-0.603023 -0.301511
0.603023 -0.301511
-0.603023 0.904534
0.603023 0.904534
-0.603023 -0.904534
0.603023 -0.904534
-0.603023 0.301511
0.603023 0.301511
0 -0.301511
1.20605 -0.301511
0 0.904534
1.20605 0.904534
subconstell weight: 1
The minimum distance is 0.603023 between (-1.20605,-0.904534) and (-0.603023,-0.904534).
.....................................................
Tailbiting section(TS)
subConstell
-0.904534 -0.904534
0.301511 -0.904534
-0.904534 0.301511
0.301511 0.301511
-0.904534 -0.301511
0.301511 -0.301511
-0.904534 0.904534
0.301511 0.904534
-0.301511 -0.904534
0.904534 -0.904534
-0.301511 0.301511
0.904534 0.301511
-0.301511 -0.301511
0.904534 -0.301511
-0.301511 0.904534
0.904534 0.904534
subconstell weight: 0.909091
The minimum distance is 0.603023 between (-0.904534,-0.904534) and (-0.904534,-0.301511).
.....................................................
Tailbiting section(TS)
subConstell
-3 -3
1 -3
-3 1
1 1
-3 -1
1 -1
-3 3
1 3
-1 -3
3 -3
-1 1
3 1
-1 -1
3 -1
-1 3
3 3
subconstell weight: 10
The minimum distance is 2 between (-3,-3) and (-3,-1).
.....................................................
Tailbiting section(TS)
subConstell
-0.948683 -0.948683
0.316228 -0.948683
-0.948683 0.316228
0.316228 0.316228
-0.948683 -0.316228
0.316228 -0.316228
-0.948683 0.948683
0.316228 0.948683
-0.316228 -0.948683
0.948683 -0.948683
-0.316228 0.316228
0.948683 0.316228
-0.316228 -0.316228
0.948683 -0.316228
-0.316228 0.948683
0.948683 0.948683
subconstell weight: 1
The minimum distance is 0.632456 between (-0.948683,-0.948683) and (-0.948683,-0.316228).
.....................................................
Overlapping section(OS)
subConstell
-8 -3
0 -3
-4 -3
4 -3
-8 1
0 1
-4 1
4 1
-6 -1
2 -1
-2 -1
6 -1
-6 3
2 3
-2 3
6 3
-6 -3
2 -3
-2 -3
6 -3
-6 1
2 1
-2 1
6 1
-4 -1
4 -1
0 -1
8 -1
-4 3
4 3
0 3
8 3
subconstell weight: 27
The minimum distance is 2 between (-8,-3) and (-6,-3).
.....................................................
Overlapping section(OS)
subConstell
-1.5396 -0.57735
0 -0.57735
-0.7698 -0.57735
0.7698 -0.57735
-1.5396 0.19245
0 0.19245
-0.7698 0.19245
0.7698 0.19245
-1.1547 -0.19245
0.3849 -0.19245
-0.3849 -0.19245
1.1547 -0.19245
-1.1547 0.57735
0.3849 0.57735
-0.3849 0.57735
1.1547 0.57735
-1.1547 -0.57735
0.3849 -0.57735
-0.3849 -0.57735
1.1547 -0.57735
-1.1547 0.19245
0.3849 0.19245
-0.3849 0.19245
1.1547 0.19245
-0.7698 -0.19245
0.7698 -0.19245
0 -0.19245
1.5396 -0.19245
-0.7698 0.57735
0.7698 0.57735
0 0.57735
1.5396 0.57735
subconstell weight: 1
The minimum distance is 0.3849 between (-0.7698,-0.57735) and (-1.1547,-0.57735).
.....................................................
Non-overlapping section(NOS)
subConstell
-0.707107 -0.707107
-0.707107 0.707107
0.707107 -0.707107
0.707107 0.707107
subconstell weight: 1
The minimum distance is 1.41421 between (-0.707107,-0.707107) and (-0.707107,0.707107).
.....................................................
Tailbiting section(TS)
subConstell
-3 -2
-3 -2
1 0
1 0
-3 0
-3 0
1 2
1 2
-1 -2
-1 -2
3 0
3 0
-1 0
-1 0
3 2
3 2
subconstell weight: 7
The minimum distance is 0 between (-3,-2) and (-3,-2).
.....................................................
Tailbiting section(TS)
subConstell
-2 -3
-2 -3
-2 1
-2 1
0 -1
0 -1
0 3
0 3
0 -3
0 -3
0 1
0 1
2 -1
2 -1
2 3
2 3
subconstell weight: 7
The minimum distance is 0 between (-2,-3) and (-2,-3).
.....................................................
Overlapping section(OS)
subConstell
-1.5 -1
-0.5 -0.5
-0.5 -1
0.5 -0.5
-1.5 0
-0.5 0.5
-0.5 0
0.5 0.5
-1 -0.5
0 0
0 -0.5
1 0
-1 0.5
0 1
0 0.5
1 1
-1 -1
0 -0.5
0 -1
1 -0.5
-1 0
0 0.5
0 0
1 0.5
-0.5 -0.5
0.5 0
0.5 -0.5
1.5 0
-0.5 0.5
0.5 1
0.5 0.5
1.5 1
subconstell weight: 1
The minimum distance is 0 between (-0.5,-0.5) and (-0.5,-0.5).
.....................................................
Overlapping section(OS)
subConstell
-1.5396 -0.57735
0 -0.57735
-0.7698 -0.57735
0.7698 -0.57735
-1.5396 0.19245
0 0.19245
-0.7698 0.19245
0.7698 0.19245
-1.1547 -0.19245
0.3849 -0.19245
-0.3849 -0.19245
1.1547 -0.19245
-1.1547 0.57735
0.3849 0.57735
-0.3849 0.57735
1.1547 0.57735
-1.1547 -0.57735
0.3849 -0.57735
-0.3849 -0.57735
1.1547 -0.57735
-1.1547 0.19245
0.3849 0.19245
-0.3849 0.19245
1.1547 0.19245
-0.7698 -0.19245
0.7698 -0.19245
0 -0.19245
1.5396 -0.19245
-0.7698 0.57735
0.7698 0.57735
0 0.57735
1.5396 0.57735
subconstell weight: 1
The minimum distance is 0.3849 between (-0.7698,-0.57735) and (-1.1547,-0.57735).
.....................................................
Overlapping section(OS)
subConstell
-1.34715 -0.57735
0.19245 -0.57735
-0.57735 -0.57735
0.96225 -0.57735
-1.34715 0.19245
0.19245 0.19245
-0.57735 0.19245
0.96225 0.19245
-1.34715 -0.19245
0.19245 -0.19245
-0.57735 -0.19245
0.96225 -0.19245
-1.34715 0.57735
0.19245 0.57735
-0.57735 0.57735
0.96225 0.57735
-0.96225 -0.57735
0.57735 -0.57735
-0.19245 -0.57735
1.34715 -0.57735
-0.96225 0.19245
0.57735 0.19245
-0.19245 0.19245
1.34715 0.19245
-0.96225 -0.19245
0.57735 -0.19245
-0.19245 -0.19245
1.34715 -0.19245
-0.96225 0.57735
0.57735 0.57735
-0.19245 0.57735
1.34715 0.57735
subconstell weight: 0.962963
The minimum distance is 0.3849 between (-1.34715,-0.57735) and (-0.96225,-0.57735).
.....................................................
Overlapping section(OS)
subConstell
-1.37281 -0.588348
0.196116 -0.588348
-0.588348 -0.588348
0.980581 -0.588348
-1.37281 0.196116
0.196116 0.196116
-0.588348 0.196116
0.980581 0.196116
-1.37281 -0.196116
0.196116 -0.196116
-0.588348 -0.196116
0.980581 -0.196116
-1.37281 0.588348
0.196116 0.588348
-0.588348 0.588348
0.980581 0.588348
-0.980581 -0.588348
0.588348 -0.588348
-0.196116 -0.588348
1.37281 -0.588348
-0.980581 0.196116
0.588348 0.196116
-0.196116 0.196116
1.37281 0.196116
-0.980581 -0.196116
0.588348 -0.196116
-0.196116 -0.196116
1.37281 -0.196116
-0.980581 0.588348
0.588348 0.588348
-0.196116 0.588348
1.37281 0.588348
subconstell weight: 1
The minimum distance is 0.392232 between (-1.37281,-0.588348) and (-0.980581,-0.588348).
.....................................................
Overlapping section(OS)
subConstell
-0.408248 -1.22474
-0.408248 -1.22474
-0.408248 -1.22474
-0.408248 -1.22474
-0.408248 0.408248
-0.408248 0.408248
-0.408248 0.408248
-0.408248 0.408248
-0.408248 -0.408248
-0.408248 -0.408248
-0.408248 -0.408248
-0.408248 -0.408248
-0.408248 1.22474
-0.408248 1.22474
-0.408248 1.22474
-0.408248 1.22474
0.408248 -1.22474
0.408248 -1.22474
0.408248 -1.22474
0.408248 -1.22474
0.408248 0.408248
0.408248 0.408248
0.408248 0.408248
0.408248 0.408248
0.408248 -0.408248
0.408248 -0.408248
0.408248 -0.408248
0.408248 -0.408248
0.408248 1.22474
0.408248 1.22474
0.408248 1.22474
0.408248 1.22474
subconstell weight: 1
The minimum distance is 0 between (-0.408248,-1.22474) and (-0.408248,-1.22474).
.....................................................
Overlapping section(OS)
subConstell
-0.408248 -1.22474
-0.408248 0.408248
-0.408248 -0.408248
-0.408248 1.22474
0.408248 -1.22474
0.408248 0.408248
0.408248 -0.408248
0.408248 1.22474
subconstell weight: 1
The minimum distance is 0.816497 between (-0.408248,-1.22474) and (-0.408248,-0.408248).
.....................................................
Overlapping section(OS)
subConstell
-0.755929 -1.13389
-0.755929 0.377964
0 -0.377964
0 1.13389
0 -1.13389
0 0.377964
0.755929 -0.377964
0.755929 1.13389
subconstell weight: 1
The minimum distance is 0.755929 between (0,-0.377964) and (0,-1.13389).
.....................................................
Overlapping section(OS)
subConstell
-1.37281 -0.588348
0.196116 -0.588348
-0.588348 -0.588348
0.980581 -0.588348
-1.37281 0.196116
0.196116 0.196116
-0.588348 0.196116
0.980581 0.196116
-1.37281 -0.196116
0.196116 -0.196116
-0.588348 -0.196116
0.980581 -0.196116
-1.37281 0.588348
0.196116 0.588348
-0.588348 0.588348
0.980581 0.588348
-0.980581 -0.588348
0.588348 -0.588348
-0.196116 -0.588348
1.37281 -0.588348
-0.980581 0.196116
0.588348 0.196116
-0.196116 0.196116
1.37281 0.196116
-0.980581 -0.196116
0.588348 -0.196116
-0.196116 -0.196116
1.37281 -0.196116
-0.980581 0.588348
0.588348 0.588348
-0.196116 0.588348
1.37281 0.588348
subconstell weight: 1
The minimum distance is 0.392232 between (-1.37281,-0.588348) and (-0.980581,-0.588348).
.....................................................
Overlapping section(OS)
subConstell
-1.5396 -0.57735
0 -0.57735
-0.7698 -0.57735
0.7698 -0.57735
-1.5396 0.19245
0 0.19245
-0.7698 0.19245
0.7698 0.19245
-1.1547 -0.19245
0.3849 -0.19245
-0.3849 -0.19245
1.1547 -0.19245
-1.1547 0.57735
0.3849 0.57735
-0.3849 0.57735
1.1547 0.57735
-1.1547 -0.57735
0.3849 -0.57735
-0.3849 -0.57735
1.1547 -0.57735
-1.1547 0.19245
0.3849 0.19245
-0.3849 0.19245
1.1547 0.19245
-0.7698 -0.19245
0.7698 -0.19245
0 -0.19245
1.5396 -0.19245
-0.7698 0.57735
0.7698 0.57735
0 0.57735
1.5396 0.57735
subconstell weight: 1
The minimum distance is 0.3849 between (-0.7698,-0.57735) and (-1.1547,-0.57735).
.....................................................
Overlapping section(OS)
subConstell
-1.5396 -0.57735
0 -0.57735
-0.7698 -0.57735
0.7698 -0.57735
-1.5396 0.19245
0 0.19245
-0.7698 0.19245
0.7698 0.19245
-1.1547 -0.19245
0.3849 -0.19245
-0.3849 -0.19245
1.1547 -0.19245
-1.1547 0.57735
0.3849 0.57735
-0.3849 0.57735
1.1547 0.57735
-1.1547 -0.57735
0.3849 -0.57735
-0.3849 -0.57735
1.1547 -0.57735
-1.1547 0.19245
0.3849 0.19245
-0.3849 0.19245
1.1547 0.19245
-0.7698 -0.19245
0.7698 -0.19245
0 -0.19245
1.5396 -0.19245
-0.7698 0.57735
0.7698 0.57735
0 0.57735
1.5396 0.57735
subconstell weight: 1
The minimum distance is 0.3849 between (-0.7698,-0.57735) and (-1.1547,-0.57735).
.....................................................
Overlapping section(OS)
subConstell
-1.37281 -0.588348
0.196116 -0.588348
-0.588348 -0.588348
0.980581 -0.588348
-1.37281 0.196116
0.196116 0.196116
-0.588348 0.196116
0.980581 0.196116
-1.37281 -0.196116
0.196116 -0.196116
-0.588348 -0.196116
0.980581 -0.196116
-1.37281 0.588348
0.196116 0.588348
-0.588348 0.588348
0.980581 0.588348
-0.980581 -0.588348
0.588348 -0.588348
-0.196116 -0.588348
1.37281 -0.588348
-0.980581 0.196116
0.588348 0.196116
-0.196116 0.196116
1.37281 0.196116
-0.980581 -0.196116
0.588348 -0.196116
-0.196116 -0.196116
1.37281 -0.196116
-0.980581 0.588348
0.588348 0.588348
-0.196116 0.588348
1.37281 0.588348
subconstell weight: 1
The minimum distance is 0.392232 between (-1.37281,-0.588348) and (-0.980581,-0.588348).
.....................................................
Overlapping section(OS)
subConstell
-1.37281 -0.588348
0.196116 -0.588348
-0.588348 -0.588348
0.980581 -0.588348
-1.37281 0.196116
0.196116 0.196116
-0.588348 0.196116
0.980581 0.196116
-1.37281 -0.196116
0.196116 -0.196116
-0.588348 -0.196116
0.980581 -0.196116
-1.37281 0.588348
0.196116 0.588348
-0.588348 0.588348
0.980581 0.588348
-0.980581 -0.588348
0.588348 -0.588348
-0.196116 -0.588348
1.37281 -0.588348
-0.980581 0.196116
0.588348 0.196116
-0.196116 0.196116
1.37281 0.196116
-0.980581 -0.196116
0.588348 -0.196116
-0.196116 -0.196116
1.37281 -0.196116
-0.980581 0.588348
0.588348 0.588348
-0.196116 0.588348
1.37281 0.588348
subconstell weight: 1
The minimum distance is 0.392232 between (-1.37281,-0.588348) and (-0.980581,-0.588348).
.....................................................
Overlapping section(OS)
subConstell
-1.56893 -0.588348
0 -0.588348
-0.784465 -0.588348
0.784465 -0.588348
-1.56893 0.196116
0 0.196116
-0.784465 0.196116
0.784465 0.196116
-1.1767 -0.196116
0.392232 -0.196116
-0.392232 -0.196116
1.1767 -0.196116
-1.1767 0.588348
0.392232 0.588348
-0.392232 0.588348
1.1767 0.588348
-1.1767 -0.588348
0.392232 -0.588348
-0.392232 -0.588348
1.1767 -0.588348
-1.1767 0.196116
0.392232 0.196116
-0.392232 0.196116
1.1767 0.196116
-0.784465 -0.196116
0.784465 -0.196116
0 -0.196116
1.56893 -0.196116
-0.784465 0.588348
0.784465 0.588348
0 0.588348
1.56893 0.588348
subconstell weight: 1.03846
The minimum distance is 0.392232 between (-1.56893,-0.588348) and (-1.1767,-0.588348).
.....................................................
Non-overlapping section(NOS):M=1
subConstell
-0.948683 -0.948683
0.316228 -0.948683
-0.948683 0.316228
0.316228 0.316228
-0.948683 -0.316228
0.316228 -0.316228
-0.948683 0.948683
0.316228 0.948683
-0.316228 -0.948683
0.948683 -0.948683
-0.316228 0.316228
0.948683 0.316228
-0.316228 -0.316228
0.948683 -0.316228
-0.316228 0.948683
0.948683 0.948683
subconstell weight: 1
The minimum distance is 0.632456 between (-0.948683,-0.948683) and (-0.948683,-0.316228).
.....................................................
Overlapping section(OS)
subConstell
-1.37281 -0.588348
0.196116 -0.588348
-1.37281 0.196116
0.196116 0.196116
-0.588348 -0.588348
0.980581 -0.588348
-0.588348 0.196116
0.980581 0.196116
-1.37281 -0.196116
0.196116 -0.196116
-1.37281 0.588348
0.196116 0.588348
-0.588348 -0.196116
0.980581 -0.196116
-0.588348 0.588348
0.980581 0.588348
-0.980581 -0.588348
0.588348 -0.588348
-0.980581 0.196116
0.588348 0.196116
-0.196116 -0.588348
1.37281 -0.588348
-0.196116 0.196116
1.37281 0.196116
-0.980581 -0.196116
0.588348 -0.196116
-0.980581 0.588348
0.588348 0.588348
-0.196116 -0.196116
1.37281 -0.196116
-0.196116 0.588348
1.37281 0.588348
subconstell weight: 1
The minimum distance is 0.392232 between (-1.37281,-0.588348) and (-0.980581,-0.588348).
.....................................................
Overlapping section(OS)
subConstell
-1.37281 -0.588348
0.196116 -0.588348
-1.37281 0.196116
0.196116 0.196116
-0.588348 -0.588348
0.980581 -0.588348
-0.588348 0.196116
0.980581 0.196116
-1.37281 -0.196116
0.196116 -0.196116
-1.37281 0.588348
0.196116 0.588348
-0.588348 -0.196116
0.980581 -0.196116
-0.588348 0.588348
0.980581 0.588348
-0.980581 -0.588348
0.588348 -0.588348
-0.980581 0.196116
0.588348 0.196116
-0.196116 -0.588348
1.37281 -0.588348
-0.196116 0.196116
1.37281 0.196116
-0.980581 -0.196116
0.588348 -0.196116
-0.980581 0.588348
0.588348 0.588348
-0.196116 -0.196116
1.37281 -0.196116
-0.196116 0.588348
1.37281 0.588348
subconstell weight: 1
The minimum distance is 0.392232 between (-1.37281,-0.588348) and (-0.980581,-0.588348).
.....................................................
Overlapping section(OS)
subConstell
-1.37281 -0.588348
0.196116 -0.588348
-0.588348 -0.588348
0.980581 -0.588348
-1.37281 0.196116
0.196116 0.196116
-0.588348 0.196116
0.980581 0.196116
-1.37281 -0.196116
0.196116 -0.196116
-0.588348 -0.196116
0.980581 -0.196116
-1.37281 0.588348
0.196116 0.588348
-0.588348 0.588348
0.980581 0.588348
-0.980581 -0.588348
0.588348 -0.588348
-0.196116 -0.588348
1.37281 -0.588348
-0.980581 0.196116
0.588348 0.196116
-0.196116 0.196116
1.37281 0.196116
-0.980581 -0.196116
0.588348 -0.196116
-0.196116 -0.196116
1.37281 -0.196116
-0.980581 0.588348
0.588348 0.588348
-0.196116 0.588348
1.37281 0.588348
subconstell weight: 1
The minimum distance is 0.392232 between (-1.37281,-0.588348) and (-0.980581,-0.588348).
