.....................................................
SCMA_ST_Fading_Latin_Capacity
0            0.540567
2             1.28888
4             2.29791
6             3.61292
8             5.27545
10             7.32006
12             9.76896
14             12.6422
16             15.9552
18             19.7077
20             23.9106
time(s): 0
.....................................................
SCMA_ST_Fading_Latin_Capacity
0             0.53651
2             1.28328
4             2.29311
6             3.60941
8             5.27234
10             7.31393
12             9.76202
14             12.6368
16             15.9452
18             19.6991
20             23.9056
time(s): 0
.....................................................
SCMA_ST_Fading_Latin_Capacity
0            0.309903
2            0.761263
4             1.39743
6             2.26722
8             3.42364
10             4.90945
12             6.75937
14             9.00109
16             11.6576
18             14.7452
20             18.2764
time(s): 1
